@version 1

# for the first 8 seconds a full screen movie plays
# then up to 11.3 seconds the title mask is visible
# at 11.3 seconds is the POP when the title appears
# at 15.5 seconds is the end of the sequence

#milliseconds, lamp group, add duration, [color], [option]

# phase 1 - 'chase' clockwise starting from the top left
0,	0,	250, 	0
200,	1,	250, 	0
400,	2,	250, 	0
600,	3,	250, 	0
800,	10,	250, 	0
800,	11,	250, 	0
1000,	8,	250, 	0
1000,	9,	250, 	0
1200,	6,	250, 	0
1200,	7,	250, 	0
1400,	4,	250, 	0
1400,	5,	250, 	0

1600,	0,	250, 	1
1800,	1,	250, 	1
2000,	2,	250, 	1
2200,	3,	250, 	1
2400,	10,	250, 	1
2400,	11,	250, 	1
2600,	8,	250, 	1
2600,	9,	250, 	1
2800,	6,	250, 	1
2800,	7,	250, 	1
3000,	4,	250, 	1
3000,	5,	250, 	1

3200,	0,	250, 	0
3400,	1,	250, 	0
3600,	2,	250, 	0
3800,	3,	250, 	0
4000,	10,	250, 	0
4000,	11,	250, 	0
4200,	8,	250, 	0
4200,	9,	250, 	0
4400,	6,	250, 	0
4400,	7,	250, 	0
4600,	4,	250, 	0
4600,	5,	250, 	0

4800,	0,	250, 	1
5000,	1,	250, 	1
5200,	2,	250, 	1
5400,	3,	250, 	1
5600,	10,	250, 	1
5600,	11,	250, 	1
5800,	8,	250, 	1
5800,	9,	250, 	1
6000,	6,	250, 	1
6000,	7,	250, 	1
6200,	4,	250, 	1
6200,	5,	250, 	1

6400,	0,	250, 	0
6800,	1,	250, 	0
7000,	2,	250, 	0
7200,	3,	250, 	0
7400,	10,	250, 	0
7400,	11,	250, 	0
7600,	8,	250, 	0
7600,	9,	250, 	0
7800,	6,	250, 	0
7800,	7,	250, 	0
8000,	4,	250, 	0
8000,	5,	250, 	0

#phase 1 spot lamp pattern
0,	13,	500
500,	14,	500
1000,	15,	500
1500,	14,	500
2000,	13,	500
2500,	14,	500
3000,	15,	500
3500,	14,	500
4000,	13,	500
4500,	14,	500
5000,	15,	500
5500,	14,	500
6000,	13,	500
6500,	14,	500
7000,	15,	500
7500,	14,	500
8000,	13,	500


